projeto,POS,NEU,NEG
mercato_brasil,63.8,19.0,17.2
bem_maes,60.4,28.7,10.9
havana_iii,74.6,15.1,10.3
3cs_perfumes,74.0,18.1,7.8
natura_3cs,82.4,10.6,7.0
biome,84.3,10.2,5.5
radiosa,85.0,9.5,5.5
compras_digitais,82.5,12.8,4.7
rosacea,84.8,11.3,3.9
anima,91.6,4.7,3.7
gaia_ii,87.7,8.9,3.4
jack_pearson,95.5,3.0,1.5
